Wavelength, Red Slope, Red Intercept, Green Slope, Green Intercept, Blue Slope, Blue Intercept
380, 5.552959E-06, -2.127904E-07, 3.359106E-06, -1.646808E-07, 6.983538E-05, -3.776964E-06
384, 3.838047E-06, -5.365132E-08, 1.843273E-06, 3.060245E-07, 9.508368E-05, -4.728226E-06
388, 1.149286E-06, 2.906959E-07, 2.090894E-06, 2.945085E-07, 0.0001248313, -5.087873E-06
392, 2.184988E-06, 8.025117E-07, 2.04398E-06, 3.297378E-07, 0.0001699093, -5.97132E-06
396, 1.992887E-06, 4.77312E-07, 2.511553E-06, 1.653792E-07, 0.00021988, -7.553877E-06
400, 2.14506E-06, 2.917421E-07, 4.489987E-06, -2.256654E-07, 0.0002876247, -8.22013E-06
404, 3.391588E-06, 7.103938E-08, 5.500027E-06, -2.891193E-07, 0.0003735026, -8.413539E-06
408, 6.276802E-06, -2.84773E-07, 7.770146E-06, -5.892618E-07, 0.0004941853, -9.051553E-06
412, 7.128374E-06, -2.341314E-07, 8.585269E-06, -2.95579E-07, 0.0006249326, -9.523501E-06
416, 7.205971E-06, 9.744826E-08, 9.114866E-06, -4.043295E-08, 0.0007576778, -8.916133E-06
420, 8.522432E-06, -1.60212E-08, 1.10332E-05, 4.317735E-08, 0.0009162133, -8.973351E-06
424, 1.07248E-05, -2.373372E-08, 1.38414E-05, -1.621984E-07, 0.001102087, -8.487725E-06
428, 1.311167E-05, 5.344418E-08, 1.640914E-05, -2.751794E-07, 0.001259947, -8.34564E-06
432, 1.640687E-05, -1.037124E-07, 1.880714E-05, -3.192908E-07, 0.0014065, -7.683295E-06
436, 1.778414E-05, -2.469014E-07, 2.11554E-05, -1.958661E-07, 0.001507567, -6.966933E-06
440, 1.783087E-05, -2.870465E-07, 2.37792E-05, -2.831575E-07, 0.001565927, -6.468967E-06
444, 1.766227E-05, -1.931903E-07, 2.744067E-05, -5.353377E-07, 0.001618773, -5.575595E-06
448, 1.656121E-05, -1.343687E-08, 3.117174E-05, -4.16092E-07, 0.001635527, -5.05225E-06
452, 1.82604E-05, -6.470054E-08, 3.7412E-05, -6.048358E-07, 0.001610427, -4.224363E-06
456, 1.785513E-05, 8.143434E-08, 4.647387E-05, -9.797714E-07, 0.001561513, -3.445486E-06
460, 2.2093E-05, -2.379993E-07, 5.848858E-05, -1.237233E-06, 0.001468467, -2.87249E-06
464, 3.062493E-05, -4.911344E-07, 7.502828E-05, -1.279586E-06, 0.001351733, -2.311193E-06
468, 3.24318E-05, -3.964014E-07, 9.982294E-05, -1.770808E-06, 0.001230533, -2.250017E-06
472, 2.802867E-05, -5.537222E-07, 0.0001334513, -2.53399E-06, 0.001106167, -1.577777E-06
476, 2.12058E-05, -3.178866E-08, 0.0001829367, -3.024434E-06, 0.0009596333, -1.388893E-06
480, 2.0188E-05, -5.618358E-07, 0.0002430952, -3.91373E-06, 0.0008366898, -1.075445E-06
484, 2.577941E-05, -5.905358E-07, 0.000319158, -5.225142E-06, 0.0007201667, -8.61095E-07
488, 3.307474E-05, -2.092565E-07, 0.0004042287, -6.387694E-06, 0.0006069746, -4.783797E-07
492, 4.283641E-05, -7.998096E-08, 0.0004978813, -7.415118E-06, 0.000506534, -4.264002E-07
496, 4.27536E-05, -9.796895E-08, 0.0005988672, -8.837495E-06, 0.0004227507, -6.986811E-07
500, 2.74344E-05, -3.123123E-07, 0.0007083134, -1.067892E-05, 0.0003401174, -4.381436E-07
504, 2.62346E-05, -5.592465E-07, 0.0008164026, -1.211133E-05, 0.00028314, -3.41679E-07
508, 4.783428E-05, -6.498085E-07, 0.0009190115, -1.356076E-05, 0.0002354053, -2.537345E-07
512, 6.294438E-05, -7.578565E-07, 0.0010073, -1.487217E-05, 0.0001939387, -4.271569E-07
516, 4.592893E-05, -5.68245E-07, 0.001081993, -1.576327E-05, 0.000159818, -5.195543E-07
520, 2.74566E-05, -1.935787E-07, 0.0011369, -1.591642E-05, 0.0001315854, -5.532347E-07
524, 2.544753E-05, -3.652103E-07, 0.001153907, -1.612556E-05, 0.000104734, -5.408911E-07
528, 3.187453E-05, -3.951536E-07, 0.001157493, -1.609122E-05, 8.681066E-05, -3.719979E-07
532, 7.060721E-05, -4.556023E-07, 0.001146073, -1.591444E-05, 7.278359E-05, -3.57235E-07
536, 0.0001424174, -9.042342E-07, 0.001125233, -1.5461E-05, 6.195966E-05, -2.962188E-07
540, 0.0001383313, -8.601128E-07, 0.00110306, -1.462444E-05, 5.297426E-05, -1.064673E-07
544, 7.377129E-05, -1.385888E-07, 0.001057973, -1.365895E-05, 4.49218E-05, -1.091739E-07
548, 4.851446E-05, -2.171728E-07, 0.00100446, -1.279678E-05, 3.855828E-05, -2.431389E-07
552, 6.323752E-05, -2.643683E-07, 0.0009452855, -1.209608E-05, 3.331907E-05, -3.265923E-07
556, 6.292973E-05, -3.083078E-07, 0.0008766614, -1.11218E-05, 2.835667E-05, -2.057232E-07
560, 4.455054E-05, -3.039349E-07, 0.0007988575, -1.018541E-05, 2.386647E-05, -6.779101E-08
564, 3.525614E-05, -3.231271E-07, 0.0007176013, -9.247335E-06, 2.030274E-05, -7.692415E-08
568, 3.058519E-05, -3.257628E-07, 0.0006278806, -7.910829E-06, 1.659713E-05, -6.757546E-10
572, 3.09776E-05, 8.363713E-09, 0.0005535894, -6.826973E-06, 1.4147E-05, 6.866685E-08
576, 6.045167E-05, -2.838915E-07, 0.0004823506, -5.715294E-06, 1.251307E-05, 3.902187E-08
580, 0.0001455, -7.455601E-07, 0.000418672, -4.815985E-06, 1.212831E-05, -4.504045E-08
584, 0.0002487453, -1.691573E-06, 0.0003597466, -4.006055E-06, 1.17364E-05, -1.460303E-07
588, 0.0003274687, -1.990455E-06, 0.0003002587, -3.341585E-06, 1.04264E-05, 5.068614E-08
592, 0.0004774359, -2.477958E-06, 0.000257378, -2.711226E-06, 1.05186E-05, 3.803325E-08
596, 0.0004410867, -2.476649E-06, 0.0002199514, -2.210698E-06, 8.915534E-06, 1.056223E-07
600, 0.0002297107, -1.420325E-06, 0.000185508, -1.999004E-06, 6.221053E-06, 2.98844E-08
604, 0.00013002, -9.833311E-07, 0.0001552287, -1.783235E-06, 4.944609E-06, 2.293427E-08
608, 0.0002598946, -1.142864E-06, 0.0001285633, -1.324443E-06, 5.728348E-06, 9.780388E-08
612, 0.0007593545, -3.651687E-06, 0.0001107833, -8.349816E-07, 8.948896E-06, 1.645076E-07
616, 0.001223087, -5.982234E-06, 9.712266E-05, -7.529998E-07, 1.25168E-05, -1.026765E-07
620, 0.00188626, -1.003587E-05, 8.766593E-05, -9.381256E-07, 1.695713E-05, 4.615504E-08
624, 0.003103747, -1.585123E-05, 8.315286E-05, -7.52596E-07, 2.672786E-05, -5.748734E-08
628, 0.002505267, -1.265598E-05, 6.795201E-05, -6.643386E-07, 2.25648E-05, -3.736232E-07
632, 0.00113592, -5.926646E-06, 4.920239E-05, -4.113044E-07, 1.113953E-05, -1.320991E-07
636, 0.0003599933, -1.742752E-06, 3.662041E-05, -4.038193E-07, 4.82476E-06, -2.329637E-07
640, 0.0001165293, -3.92447E-07, 2.879367E-05, -2.278348E-07, 2.020046E-06, 1.295435E-07
644, 6.208118E-05, -2.437009E-07, 2.347586E-05, -3.500436E-07, 1.498681E-06, 2.838493E-08
648, 5.14448E-05, 5.237962E-08, 1.93342E-05, -1.705985E-07, 1.24518E-06, 3.319866E-08
652, 5.076519E-05, -5.459333E-08, 1.5647E-05, 4.244248E-08, 9.068785E-07, 1.449385E-07
656, 4.88052E-05, -4.107114E-07, 1.333147E-05, -6.528944E-08, 5.293201E-07, 1.438032E-07
660, 4.187433E-05, -2.575525E-07, 1.158801E-05, -5.630682E-08, 1.118883E-06, 8.862003E-09
664, 3.927392E-05, -2.039615E-07, 9.694106E-06, 1.754734E-08, 1.021693E-06, 6.242686E-08
668, 4.303153E-05, -1.81928E-07, 8.538792E-06, -2.074603E-08, 1.085487E-06, 8.466503E-08
672, 4.536534E-05, -3.410023E-07, 7.131905E-06, -1.149635E-07, 1.91194E-06, -9.180491E-08
676, 4.321101E-05, -5.546699E-07, 6.237308E-06, -1.150486E-07, 2.452783E-06, -3.14353E-07
680, 7.046368E-05, -3.982277E-07, 5.81578E-06, -1.11884E-07, 2.301362E-06, -2.848497E-07
684, 0.000127936, -4.324611E-07, 6.137126E-06, -1.879127E-07, 2.725172E-06, -4.264662E-07
688, 0.0001380106, -6.297632E-07, 6.210786E-06, -4.968094E-07, 1.970659E-06, -1.2189E-07
692, 0.000133424, -7.508715E-07, 5.715996E-06, -5.228269E-07, 7.166132E-07, 2.617767E-07
696, 0.0003036515, -1.376859E-06, 5.901782E-06, -2.019965E-07, 2.752054E-06, 2.994523E-08
700, 0.001021566, -5.355279E-06, 9.839959E-06, 4.692083E-08, 9.056734E-06, -9.320001E-08
704, 0.001799707, -8.870033E-06, 1.504107E-05, 1.889648E-07, 1.51214E-05, 1.118001E-07
708, 0.001537433, -7.899944E-06, 1.348066E-05, 1.487256E-07, 1.310467E-05, 1.410549E-07
712, 0.0005693528, -3.033609E-06, 6.846989E-06, -5.70833E-08, 5.72594E-06, -2.823645E-07
716, 0.0001461674, -8.742354E-07, 3.442493E-06, -7.79653E-09, 2.045073E-06, 9.019129E-08
720, 4.97204E-05, -6.886476E-07, 2.482833E-06, -1.554832E-07, 1.261993E-06, 4.788683E-08
724, 3.708513E-05, -3.552886E-07, 1.358313E-06, 1.023822E-07, 2.475047E-06, -3.374511E-07
728, 2.9971E-05, -6.571672E-07, 2.1351E-06, 7.05835E-08, 9.606335E-07, 3.90761E-07
732, 2.8753E-05, -1.435724E-06, 1.116373E-06, 2.021799E-07, 2.221773E-06, -2.453644E-07
736, 2.011767E-05, 1.521112E-07, 1.829467E-06, -2.521676E-08, 1.515233E-06, -2.1075E-07
740, 1.66126E-05, 1.1476E-08, 2.186846E-06, 1.473157E-07, 2.049747E-06, -2.04829E-07
744, 1.665374E-05, 2.464103E-07, 3.396973E-06, 1.340414E-07, 1.17784E-06, 1.145224E-08
748, 1.599453E-05, 1.266217E-07, 2.083453E-06, 2.384458E-07, 2.852034E-06, -2.765336E-07
752, 1.404918E-05, 1.244571E-07, 2.172821E-06, 9.424525E-08, 3.11864E-06, -1.896201E-07
756, 1.690168E-05, -1.231959E-06, 2.562654E-06, -1.265937E-07, 2.779194E-06, 3.601309E-07
760, 9.597873E-06, 3.228915E-07, 3.869174E-06, -5.324426E-07, 3.312694E-06, -9.069686E-08
764, 1.3914E-05, -5.100269E-07, 3.612833E-06, -2.755943E-07, 5.015627E-06, -2.098693E-07
768, 1.257347E-05, -5.277434E-08, 4.07496E-06, -3.592965E-07, 5.032713E-06, -2.145398E-07
772, 1.41247E-05, -1.264089E-06, 4.462367E-06, -7.324222E-07, 6.26486E-06, 2.691468E-08
776, 1.723402E-05, -2.263265E-06, 3.410493E-06, -2.210231E-08, 9.857E-06, -5.235943E-07
780, 1.156167E-05, -7.339918E-07, 4.440187E-06, 1.51801E-07, 9.497651E-06, -6.161963E-08
