Wavelength, R00, R01, R02, R03, R04, R05, R06, R07, R08, G00, G01, G02, G03, G04, G05, G06, G07, G08, B00, B01, B02, B03, B04, B05, B06, B07, B08, 
380, 0, 2.219E-07, 2.11735E-06, 2.03495E-06, 5.0405E-06, 4.6219E-06, 4.8605E-06, 6.3005E-06, 3.992E-06, 0, 4.7715E-07, 1.14265E-06, 1.79915E-06, 2.692E-06, 1.78185E-06, 3.1685E-06, 4.1695E-06, 5.9065E-06, 0, 8.059E-06, 1.3055E-05, 2.379E-05, 3.257E-05, 4.332E-05, 4.6855E-05, 6.176E-05, 6.8485E-05, 
384, 0, 6.3045E-07, 7.6805E-07, 1.68295E-06, 6.715E-06, 1.9891E-06, 2.751E-06, 4.4275E-06, 6.6885E-06, 0, 1.10445E-06, 9.001E-07, 1.833E-06, 1.7986E-06, 1.641E-06, 3.7535E-06, 3.027E-06, 3.7995E-06, 0, 9.637E-06, 1.801E-05, 3.169E-05, 4.3115E-05, 5.676E-05, 6.927E-05, 8.116E-05, 9.7665E-05, 
388, 0, 5.7525E-07, 7.144999E-07, 5.588E-07, 2.176E-06, 5.171E-07, 7.38E-07, 1.28945E-06, 2.876E-06, 0, 3.722E-07, 4.6615E-07, 1.0425E-06, 1.326E-06, 4.227E-06, 3.6695E-06, 3.1645E-06, 2.298E-06, 0, 1.2165E-05, 2.5095E-05, 4.1245E-05, 5.814E-05, 7.552E-05, 9.305E-05, 0.00010765, 0.00013, 
392, 0, 1.3225E-06, 9.688E-07, 8.728E-07, 1.5025E-06, 1.9026E-06, 5.701E-07, 7.7385E-07, 7.872E-06, 0, 6.8695E-07, 6.38E-07, 1.229E-06, 1.6895E-06, 3.572E-06, 1.767E-06, 3.171E-06, 2.979E-06, 0, 1.666E-05, 3.554E-05, 5.691E-05, 7.9865E-05, 0.00010145, 0.0001264, 0.00014945, 0.00017885, 
396, 0, 5.851E-07, 3.593E-07, 7.5735E-07, 3.6775E-06, 1.533E-06, 1.0543E-06, 3.5856E-06, 3.697E-06, 0, 1.52825E-06, 1.4755E-06, 7.613E-07, 2.2925E-06, 1.541E-06, 1.47965E-06, 3.297E-06, 3.987E-06, 0, 2.1715E-05, 4.7555E-05, 7.571E-05, 0.0001041, 0.00013135, 0.00016425, 0.0001934, 0.00022845, 
400, 0, 7.3265E-07, 1.517E-07, 3.183E-06, 3.848E-06, 1.2034E-06, 1.1275E-06, 2.4065E-06, 6.544E-06, 0, 4.8325E-07, 1.18815E-06, 1.8655E-06, 1.6498E-06, 1.419E-06, 3.408E-06, 3.466E-06, 3.517E-06, 0, 2.9575E-05, 6.355E-05, 9.966E-05, 0.0001382, 0.00017555, 0.0002149, 0.00025535, 0.0002972, 
404, 0, 4.2685E-07, 4.9095E-07, 2.30525E-06, 2.851E-06, 1.8835E-06, 2.742E-06, 2.661E-06, 5.7705E-06, 0, 5.878E-07, 1.589E-06, 2.3085E-06, 1.8865E-06, 2.854E-06, 4.331E-06, 4.04E-06, 4.042E-06, 0, 4.022E-05, 8.475001E-05, 0.0001327, 0.00018235, 0.000233, 0.00028065, 0.00033315, 0.00038565, 
408, 0, 4.808E-07, 5.9465E-07, 1.5985E-06, 3.032E-06, 4.0485E-06, 3.516E-06, 3.997E-06, 5.7655E-06, 0, 1.13605E-06, 1.612E-06, 2.4535E-06, 2.893E-06, 4.109E-06, 4.876E-06, 4.7645E-06, 6.2355E-06, 0, 5.451E-05, 0.0001153, 0.0001804, 0.0002442, 0.00031035, 0.0003743, 0.00044105, 0.00050875, 
412, 0, 6.789E-07, 9.637999E-07, 2.4E-06, 3.814E-06, 3.3205E-06, 4.0825E-06, 6.814E-06, 8.076E-06, 0, 5.21E-07, 1.7715E-06, 3.079E-06, 3.5595E-06, 4.957E-06, 5.632E-06, 6.4915E-06, 7.7465E-06, 0, 7.0505E-05, 0.00014865, 0.0002318, 0.0003123, 0.0003939, 0.0004753, 0.0005592, 0.00064235, 
416, 0, 7.492999E-07, 2.2185E-06, 3.044E-06, 5.4025E-06, 3.3885E-06, 5.5055E-06, 6.648E-06, 8.4965E-06, 0, 6.886E-07, 1.8755E-06, 3.797E-06, 4.659E-06, 6.34E-06, 6.6965E-06, 7.7175E-06, 9.276E-06, 0, 8.6915E-05, 0.00018295, 0.00028475, 0.00038235, 0.00048085, 0.0005791, 0.0006786, 0.00078125, 
420, 0, 1.26205E-06, 2.826E-06, 5.1085E-06, 8.905999E-06, 6.1785E-06, 6.8685E-06, 8.8155E-06, 9.3855E-06, 0, 7.311E-07, 2.44E-06, 4.2845E-06, 5.542E-06, 7.807999E-06, 7.6955E-06, 1.064E-05, 1.1655E-05, 0, 0.0001064, 0.00022485, 0.00034775, 0.0004654, 0.0005845, 0.0007031, 0.00082185, 0.00094215, 
424, 0, 1.2746E-06, 3.703E-06, 3.952E-06, 7.928E-06, 7.2725E-06, 1.182E-05, 1.465E-05, 1.3695E-05, 0, 1.4564E-06, 3.276E-06, 4.7685E-06, 7.227E-06, 9.1425E-06, 1.0235E-05, 1.309E-05, 1.4395E-05, 0, 0.0001306, 0.00027295, 0.00041985, 0.00056245, 0.0007057, 0.00084645, 0.0009897, 0.001133, 
428, 0, 1.3935E-06, 3.7775E-06, 4.1475E-06, 8.933999E-06, 8.6205E-06, 1.253E-05, 1.3465E-05, 1.7515E-05, 0, 1.516E-06, 3.801E-06, 6.917E-06, 8.022E-06, 1.04365E-05, 1.253E-05, 1.5285E-05, 1.7095E-05, 0, 0.00015065, 0.000314, 0.0004834, 0.00064585, 0.00080845, 0.0009692, 0.0011315, 0.0012955, 
432, 0, 2.0905E-06, 4.3895E-06, 5.874E-06, 8.6385E-06, 1.139E-05, 1.3115E-05, 1.359E-05, 1.6635E-05, 0, 1.8345E-06, 4.4045E-06, 7.508E-06, 9.5955E-06, 1.198E-05, 1.433E-05, 1.6905E-05, 1.984E-05, 0, 0.00016945, 0.0003517, 0.00054185, 0.00072385, 0.00090485, 0.0010845, 0.001264, 0.0014465, 
436, 0, 2.379E-06, 4.581E-06, 5.7745E-06, 8.281E-06, 1.082E-05, 1.327E-05, 1.454E-05, 1.7485E-05, 0, 2.5755E-06, 5.0465E-06, 7.6815E-06, 1.087E-05, 1.346E-05, 1.5355E-05, 1.8485E-05, 2.3385E-05, 0, 0.0001825, 0.00037895, 0.0005822, 0.00077805, 0.0009723, 0.001163, 0.001355, 0.001551, 
440, 0, 2.1495E-06, 4.408E-06, 6.081E-06, 8.224E-06, 1.0375E-05, 1.2305E-05, 1.485E-05, 1.8375E-05, 0, 2.9955E-06, 5.2685E-06, 7.9E-06, 1.2625E-05, 1.5195E-05, 1.7515E-05, 2.017E-05, 2.5185E-05, 0, 0.00018995, 0.00039505, 0.00060625, 0.00080895, 0.0010105, 0.0012085, 0.0014065, 0.0016115, 
444, 0, 2.229E-06, 4.828E-06, 6.772E-06, 8.872E-06, 1.1015E-05, 1.47E-05, 1.6205E-05, 1.951E-05, 0, 3.038E-06, 6.0445E-06, 9.167E-06, 1.372E-05, 1.7575E-05, 2.1245E-05, 2.391E-05, 2.787E-05, 0, 0.00019715, 0.0004093, 0.0006285, 0.00083705, 0.0010455, 0.00125, 0.001456, 0.001666, 
448, 0, 2.356E-06, 4.8225E-06, 7.5395E-06, 8.813E-06, 1.068E-05, 1.369E-05, 1.6565E-05, 1.9525E-05, 0, 2.7055E-06, 7.01E-06, 1.1325E-05, 1.6E-05, 1.993E-05, 2.487E-05, 2.899E-05, 3.1215E-05, 0, 0.0001999, 0.00041405, 0.00063565, 0.0008473, 0.0010565, 0.001264, 0.001471, 0.0016835, 
452, 0, 2.3555E-06, 4.959E-06, 7.635E-06, 1.01705E-05, 1.232E-05, 1.5165E-05, 1.6795E-05, 1.946E-05, 0, 3.6005E-06, 8.793E-06, 1.3715E-05, 1.798E-05, 2.3435E-05, 2.9355E-05, 3.3305E-05, 3.867E-05, 0, 0.00019685, 0.00040905, 0.0006270499, 0.00083575, 0.0010415, 0.001245, 0.0014485, 0.0016565, 
456, 0, 2.6565E-06, 5.034E-06, 6.557E-06, 1.01455E-05, 1.179E-05, 1.356E-05, 1.7545E-05, 1.858E-05, 0, 4.726E-06, 1.045E-05, 1.6495E-05, 2.244E-05, 2.842E-05, 3.535E-05, 4.1345E-05, 4.864E-05, 0, 0.0001913, 0.0003974, 0.0006089, 0.0008109, 0.0010115, 0.001208, 0.0014045, 0.0016055, 
460, 0, 2.924E-06, 5.4635E-06, 7.9905E-06, 1.085E-05, 1.466E-05, 1.5785E-05, 1.9545E-05, 1.969E-05, 0, 5.8855E-06, 1.321E-05, 2.096E-05, 2.8475E-05, 3.5545E-05, 4.4045E-05, 5.156E-05, 6.0525E-05, 0, 0.000181, 0.00037415, 0.0005731001, 0.0007629, 0.00095155, 0.001136, 0.001321, 0.0015095, 
464, 0, 3.6E-06, 7.622E-06, 1.179E-05, 1.543E-05, 2.027E-05, 2.2155E-05, 2.7975E-05, 2.9235E-05, 0, 7.51E-06, 1.7355E-05, 2.693E-05, 3.706E-05, 4.6325E-05, 5.6835E-05, 6.675E-05, 7.826E-05, 0, 0.0001673, 0.00034495, 0.0005280999, 0.0007031, 0.00087705, 0.0010455, 0.001216, 0.00139, 
468, 0, 3.686E-06, 8.259E-06, 1.2935E-05, 1.725E-05, 2.1165E-05, 2.3985E-05, 2.964E-05, 3.349E-05, 0, 1.00565E-05, 2.302E-05, 3.5915E-05, 4.9245E-05, 6.181499E-05, 7.4945E-05, 8.802E-05, 0.0001022, 0, 0.0001522, 0.0003141, 0.0004805, 0.00064, 0.00079855, 0.00095185, 0.001107, 0.001264, 
472, 0, 3.2905E-06, 6.976E-06, 1.05465E-05, 1.366E-05, 1.6785E-05, 2.185E-05, 2.535E-05, 2.9E-05, 0, 1.365E-05, 3.1555E-05, 4.898E-05, 6.6115E-05, 8.292E-05, 0.0001012, 0.0001181, 0.0001356, 0, 0.00013675, 0.0002826, 0.00043145, 0.00057615, 0.000718, 0.0008564, 0.0009959, 0.001136, 
476, 0, 2.9035E-06, 5.6165E-06, 8.737499E-06, 1.0458E-05, 1.34E-05, 1.647E-05, 1.923E-05, 2.4465E-05, 0, 1.879E-05, 4.319E-05, 6.7685E-05, 9.133499E-05, 0.0001148, 0.00013935, 0.0001624, 0.0001865, 0, 0.00011835, 0.00024525, 0.00037525, 0.00049905, 0.000622, 0.00074205, 0.00086425, 0.0009840501, 
480, 0, 2.558E-06, 5.067E-06, 7.3355E-06, 9.145E-06, 1.2135E-05, 1.3885E-05, 1.562E-05, 2.0355E-05, 0, 2.5495E-05, 5.7235E-05, 9.0095E-05, 0.00012205, 0.00015235, 0.00018485, 0.0002164, 0.0002485, 0, 0.0001034, 0.00021395, 0.0003283, 0.00043545, 0.00054255, 0.000647, 0.0007536, 0.00085835, 
484, 0, 3.2865E-06, 6.855E-06, 1.00165E-05, 1.2435E-05, 1.554E-05, 1.8185E-05, 2.186E-05, 2.433E-05, 0, 3.3765E-05, 7.4885E-05, 0.00011725, 0.0001596, 0.0002003, 0.0002425, 0.0002837, 0.0003257, 0, 8.914999E-05, 0.0001839, 0.0002821, 0.0003752, 0.0004674, 0.0005568, 0.0006483, 0.0007394, 
488, 0, 4.3385E-06, 8.597E-06, 1.3035E-05, 1.7045E-05, 2.19E-05, 2.376E-05, 2.9165E-05, 3.4075E-05, 0, 4.22E-05, 9.564499E-05, 0.0001486, 0.00020265, 0.0002539, 0.00030765, 0.00035955, 0.00041265, 0, 7.524E-05, 0.0001552, 0.00023765, 0.00031615, 0.00039465, 0.00046995, 0.00054575, 0.00062375, 
492, 0, 5.5325E-06, 1.0455E-05, 1.6645E-05, 2.2605E-05, 2.7605E-05, 3.156E-05, 3.784E-05, 4.2865E-05, 0, 5.177E-05, 0.00011815, 0.00018355, 0.00024995, 0.0003133, 0.00037885, 0.00044315, 0.00050835, 0, 6.286E-05, 0.0001299, 0.00019855, 0.0002637, 0.00032905, 0.00039225, 0.00045565, 0.00052085, 
496, 0, 5.7035E-06, 1.0345E-05, 1.653E-05, 2.217E-05, 2.687E-05, 3.1465E-05, 3.687E-05, 4.3555E-05, 0, 6.2605E-05, 0.00014235, 0.00022145, 0.00030075, 0.0003773, 0.0004558, 0.0005338, 0.0006133, 0, 5.245E-05, 0.0001078, 0.0001651, 0.00021955, 0.00027365, 0.000326, 0.00038, 0.00043345, 
500, 0, 3.5435E-06, 6.482E-06, 1.0515E-05, 1.3405E-05, 1.5915E-05, 2.123E-05, 2.3305E-05, 2.9415E-05, 0, 7.4305E-05, 0.0001679, 0.00026175, 0.00035555, 0.0004463, 0.0005384, 0.00063155, 0.0007251, 0, 4.215E-05, 8.7055E-05, 0.0001323, 0.000177, 0.0002208, 0.00026295, 0.0003064, 0.00034815, 
504, 0, 3.121E-06, 5.7895E-06, 9.5995E-06, 1.3045E-05, 1.5585E-05, 1.9085E-05, 2.338E-05, 2.412E-05, 0, 8.5795E-05, 0.00019385, 0.000302, 0.00041015, 0.0005148, 0.00062035, 0.00072855, 0.00083535, 0, 3.4815E-05, 7.2695E-05, 0.0001097, 0.00014745, 0.00018405, 0.0002194, 0.0002551, 0.00029015, 
508, 0, 5.318E-06, 1.116E-05, 1.709E-05, 2.3255E-05, 2.959E-05, 3.539E-05, 4.113E-05, 4.545E-05, 0, 9.656E-05, 0.0002183, 0.0003401, 0.00046215, 0.0005796, 0.00069815, 0.0008201, 0.0009389, 0, 2.8945E-05, 6.0305E-05, 9.159499E-05, 0.00012235, 0.00015315, 0.00018235, 0.00021195, 0.00024165, 
512, 0, 7.2055E-06, 1.549E-05, 2.324E-05, 3.128E-05, 3.9755E-05, 4.7045E-05, 5.4E-05, 6.3685E-05, 0, 0.00010555, 0.00023935, 0.0003729, 0.0005062, 0.00063475, 0.0007647, 0.00089835, 0.001028, 0, 2.4005E-05, 4.912E-05, 7.542E-05, 0.0001006, 0.0001254, 0.0001494, 0.00017475, 0.00019855, 
516, 0, 5.4365E-06, 1.168E-05, 1.7315E-05, 2.4045E-05, 2.8355E-05, 3.3905E-05, 3.886E-05, 4.7435E-05, 0, 0.00011385, 0.00025725, 0.0004011, 0.00054425, 0.00068225, 0.00082235, 0.00096485, 0.0011045, 0, 1.975E-05, 4.0145E-05, 6.196E-05, 8.2475E-05, 0.000103, 0.0001236, 0.000144, 0.00016355, 
520, 0, 3.4295E-06, 7.4805E-06, 1.0485E-05, 1.497E-05, 1.7295E-05, 2.176E-05, 2.3905E-05, 2.919E-05, 0, 0.00012015, 0.0002713, 0.00042225, 0.0005725, 0.00071885, 0.00086595, 0.0010145, 0.0011625, 0, 1.5975E-05, 3.2835E-05, 5.0615E-05, 6.7985E-05, 8.481499E-05, 0.00010125, 0.000118, 0.00013455, 
524, 0, 2.787E-06, 6.178E-06, 9.6035E-06, 1.3055E-05, 1.486E-05, 1.9795E-05, 2.1915E-05, 2.5885E-05, 0, 0.0001222, 0.0002753, 0.000429, 0.00058135, 0.00072935, 0.0008788, 0.001031, 0.0011785, 0, 1.2575E-05, 2.643E-05, 4.0735E-05, 5.416E-05, 6.763E-05, 8.0815E-05, 9.4925E-05, 0.00010775, 
528, 0, 3.6625E-06, 7.5995E-06, 1.2225E-05, 1.6225E-05, 1.91E-05, 2.427E-05, 2.769E-05, 3.3245E-05, 0, 0.0001223, 0.0002763, 0.0004305, 0.00058345, 0.0007319, 0.00088215, 0.0010335, 0.001182, 0, 1.071E-05, 2.2005E-05, 3.357E-05, 4.5225E-05, 5.5935E-05, 6.6745E-05, 7.887E-05, 8.916E-05, 
532, 0, 8.4205E-06, 1.738E-05, 2.6655E-05, 3.6295E-05, 4.4205E-05, 5.399E-05, 6.1905E-05, 7.222E-05, 0, 0.0001212, 0.00027375, 0.0004267, 0.0005781, 0.00072505, 0.0008732, 0.001023, 0.0011705, 0, 8.945E-06, 1.8455E-05, 2.8025E-05, 3.79E-05, 4.7E-05, 5.5755E-05, 6.582E-05, 7.457E-05, 
536, 0, 1.74E-05, 3.5575E-05, 5.352E-05, 7.2925E-05, 8.943E-05, 0.00010865, 0.0001266, 0.00014335, 0, 0.00011945, 0.0002687, 0.00041915, 0.0005679, 0.00071185, 0.0008571, 0.001004, 0.001148, 0, 7.9295E-06, 1.5985E-05, 2.392E-05, 3.25E-05, 4.0155E-05, 4.8195E-05, 5.648E-05, 6.427499E-05, 
540, 0, 1.718E-05, 3.4325E-05, 5.195E-05, 7.0105E-05, 8.683E-05, 0.0001052, 0.00012405, 0.0001388, 0, 0.000118, 0.00026405, 0.0004116, 0.00055745, 0.00069845, 0.0008404, 0.000984, 0.0011265, 0, 7.419E-06, 1.377E-05, 2.078E-05, 2.8115E-05, 3.5175E-05, 4.1975E-05, 4.879E-05, 5.5995E-05, 
544, 0, 9.3445E-06, 1.8625E-05, 2.832E-05, 3.8445E-05, 4.5995E-05, 5.761E-05, 6.562E-05, 7.523E-05, 0, 0.00011285, 0.00025385, 0.0003951, 0.0005351, 0.00067065, 0.0008075, 0.0009444, 0.0010815, 0, 6.256E-06, 1.159E-05, 1.7705E-05, 2.339E-05, 2.9935E-05, 3.4525E-05, 4.0315E-05, 4.705E-05, 
548, 0, 6.132E-06, 1.227E-05, 1.876E-05, 2.4845E-05, 3.0135E-05, 3.597E-05, 4.227E-05, 5.0375E-05, 0, 0.0001069, 0.00024135, 0.00037535, 0.00050835, 0.0006368, 0.00076695, 0.00089645, 0.001026, 0, 4.8755E-06, 9.854E-06, 1.487E-05, 1.9405E-05, 2.445E-05, 2.893E-05, 3.392E-05, 3.906E-05, 
552, 0, 7.558E-06, 1.633E-05, 2.3715E-05, 3.1745E-05, 3.9765E-05, 4.6145E-05, 5.611E-05, 6.441E-05, 0, 0.00010094, 0.00022715, 0.00035305, 0.00047865, 0.0005991, 0.00072215, 0.00084365, 0.00096555, 0, 4.3135E-06, 8.4055E-06, 1.29E-05, 1.688E-05, 2.067E-05, 2.5525E-05, 2.9695E-05, 3.356E-05, 
556, 0, 7.531E-06, 1.586E-05, 2.366E-05, 3.167E-05, 4.007E-05, 4.797E-05, 5.5735E-05, 6.5565E-05, 0, 9.371E-05, 0.00021075, 0.00032735, 0.00044405, 0.00055585, 0.0006694, 0.00078225, 0.0008969, 0, 3.756E-06, 7.103E-06, 1.09E-05, 1.4425E-05, 1.8425E-05, 2.195E-05, 2.534E-05, 2.9315E-05, 
560, 0, 5.4245E-06, 1.12E-05, 1.7115E-05, 2.3015E-05, 2.8145E-05, 3.3795E-05, 3.8505E-05, 4.537E-05, 0, 8.541E-05, 0.0001919, 0.0002983, 0.00040465, 0.0005066, 0.0006097, 0.0007125, 0.00081685, 0, 3.2645E-06, 6.2195E-06, 9.247E-06, 1.2825E-05, 1.5655E-05, 1.8615E-05, 2.2035E-05, 2.5365E-05, 
564, 0, 4.471E-06, 8.688E-06, 1.3625E-05, 1.8445E-05, 2.1565E-05, 2.656E-05, 3.119E-05, 3.48E-05, 0, 7.692999E-05, 0.0001724, 0.00026815, 0.00036315, 0.0004546, 0.0005476, 0.00063915, 0.000732, 0, 2.672E-06, 5.141E-06, 7.884E-06, 1.0755E-05, 1.308E-05, 1.5355E-05, 1.896E-05, 2.1605E-05, 
568, 0, 3.7995E-06, 7.198E-06, 1.1695E-05, 1.643E-05, 1.9005E-05, 2.328E-05, 2.7555E-05, 3.0275E-05, 0, 6.7465E-05, 0.0001512, 0.000235, 0.0003179, 0.0003978, 0.0004792, 0.00055945, 0.0006407, 0, 2.2865E-06, 4.4585E-06, 6.9325E-06, 8.608E-06, 1.1375E-05, 1.324E-05, 1.6155E-05, 1.788E-05, 
572, 0, 4.016E-06, 7.83E-06, 1.18E-05, 1.6625E-05, 1.8245E-05, 2.376E-05, 2.6895E-05, 3.1655E-05, 0, 5.9565E-05, 0.0001338, 0.0002075, 0.00028055, 0.00035095, 0.0004228, 0.00049385, 0.00056515, 0, 1.951E-06, 3.925E-06, 5.492E-06, 7.528E-06, 9.714E-06, 1.15E-05, 1.374E-05, 1.494E-05, 
576, 0, 7.4565E-06, 1.512E-05, 2.269E-05, 3.138E-05, 3.6245E-05, 4.572E-05, 5.38E-05, 6.1445E-05, 0, 5.175E-05, 0.00011665, 0.0001814, 0.00024505, 0.00030655, 0.00036875, 0.00043095, 0.00049225, 0, 1.9125E-06, 3.462E-06, 5.077E-06, 6.859E-06, 8.439E-06, 1.05835E-05, 1.18E-05, 1.325E-05, 
580, 0, 1.7825E-05, 3.595E-05, 5.485E-05, 7.3235E-05, 9.106E-05, 0.00011005, 0.000129, 0.0001494, 0, 4.5085E-05, 0.0001013, 0.000157, 0.000213, 0.0002663, 0.00031995, 0.00037345, 0.00042695, 0, 1.5805E-06, 3.1365E-06, 4.7645E-06, 6.1765E-06, 7.696E-06, 8.826E-06, 1.079E-05, 1.212E-05, 
584, 0, 3.0355E-05, 6.1145E-05, 9.3035E-05, 0.0001241, 0.00015505, 0.00018575, 0.00021995, 0.0002516, 0, 3.861E-05, 8.696E-05, 0.0001347, 0.00018315, 0.0002285, 0.0002751, 0.00032105, 0.0003668, 0, 1.2975E-06, 2.8315E-06, 3.891E-06, 5.722E-06, 7.234E-06, 8.251001E-06, 1.0109E-05, 1.147E-05, 
588, 0, 3.9605E-05, 8.073E-05, 0.00012225, 0.0001641, 0.00020595, 0.00024725, 0.00028975, 0.0003322, 0, 3.237E-05, 7.307999E-05, 0.00011315, 0.0001531, 0.00019105, 0.00022975, 0.000268, 0.00030715, 0, 1.4765E-06, 2.646E-06, 3.698E-06, 5.2985E-06, 7.142E-06, 6.7665E-06, 1.065E-05, 1.0435E-05, 
592, 0, 5.8005E-05, 0.0001181, 0.0001787, 0.0002406, 0.00030135, 0.00036185, 0.0004241, 0.0004861, 0, 2.789E-05, 6.264501E-05, 9.7155E-05, 0.0001314, 0.00016415, 0.0001971, 0.0002299, 0.00026335, 0, 1.526E-06, 2.5215E-06, 3.8785E-06, 5.478E-06, 7.054E-06, 7.678E-06, 9.8375E-06, 1.0507E-05, 
596, 0, 5.361E-05, 0.0001096, 0.0001654, 0.0002224, 0.0002784, 0.00033455, 0.0003938, 0.0004493, 0, 2.4085E-05, 5.33E-05, 8.326E-05, 0.00011205, 0.00014025, 0.0001682, 0.000196, 0.0002244, 0, 1.4105E-06, 1.9825E-06, 3.4985E-06, 4.766E-06, 6.097E-06, 7.1645E-06, 8.340499E-06, 9.486001E-06, 
600, 0, 2.7755E-05, 5.7285E-05, 8.597E-05, 0.00011615, 0.0001445, 0.00017385, 0.000205, 0.00023415, 0, 2.0415E-05, 4.5185E-05, 6.9785E-05, 9.4665E-05, 0.00011815, 0.00014175, 0.00016525, 0.0001894, 0, 8.941E-07, 1.7735E-06, 2.73E-06, 3.3625E-06, 4.191E-06, 5.316E-06, 5.761E-06, 6.877E-06, 
604, 0, 1.562E-05, 3.199E-05, 4.843E-05, 6.5805E-05, 8.133E-05, 9.806E-05, 0.0001144, 0.00013125, 0, 1.7005E-05, 3.763E-05, 5.8285E-05, 7.9245E-05, 9.879E-05, 0.00011865, 0.0001379, 0.0001581, 0, 6.14E-07, 1.312E-06, 1.714E-06, 2.672E-06, 3.742E-06, 4.0585E-06, 5.0405E-06, 5.3235E-06, 
608, 0, 3.1815E-05, 6.3985E-05, 9.697E-05, 0.00013155, 0.0001637, 0.00019735, 0.00022965, 0.0002612, 0, 1.392E-05, 3.141E-05, 4.8435E-05, 6.5605E-05, 8.2345E-05, 9.8725E-05, 0.0001144, 0.00013015, 0, 1.01505E-06, 1.7235E-06, 2.304E-06, 3.0495E-06, 4.251E-06, 4.876E-06, 5.313E-06, 6.473E-06, 
612, 0, 9.22E-05, 0.0001869, 0.0002832, 0.00038165, 0.00047665, 0.00057415, 0.00067245, 0.0007666, 0, 1.223E-05, 2.715E-05, 4.2555E-05, 5.6705E-05, 7.1285E-05, 8.557E-05, 9.908E-05, 0.00011255, 0, 1.4945E-06, 2.7125E-06, 3.5615E-06, 4.646E-06, 6.3385E-06, 7.4595E-06, 9.108E-06, 9.1325E-06, 
616, 0, 0.0001489, 0.0003024, 0.00045805, 0.0006154, 0.0007686, 0.0009254, 0.0010855, 0.0012395, 0, 1.1105E-05, 2.3955E-05, 3.755E-05, 4.977E-05, 6.233E-05, 7.513E-05, 8.7685E-05, 9.8645E-05, 0, 1.724E-06, 3.619E-06, 4.694E-06, 6.5325E-06, 8.216E-06, 1.0133E-05, 1.2205E-05, 1.233E-05, 
620, 0, 0.0002283, 0.00046475, 0.0007045, 0.0009465, 0.001182, 0.0014255, 0.0016695, 0.0019035, 0, 9.997E-06, 2.1695E-05, 3.3415E-05, 4.5025E-05, 5.611E-05, 6.7405E-05, 7.8985E-05, 8.8795E-05, 0, 2.2005E-06, 4.7125E-06, 6.7225E-06, 9.372E-06, 1.154E-05, 1.3955E-05, 1.6895E-05, 1.8455E-05, 
624, 0, 0.00037635, 0.0007667, 0.001162, 0.00156, 0.0019505, 0.0023525, 0.0027545, 0.0031435, 0, 9.3905E-06, 2.0715E-05, 3.1855E-05, 4.3115E-05, 5.334E-05, 6.382E-05, 7.5245E-05, 8.582E-05, 0, 3.5875E-06, 7.226E-06, 1.0655E-05, 1.416E-05, 1.7855E-05, 2.1545E-05, 2.4685E-05, 2.808E-05, 
628, 0, 0.000305, 0.0006228, 0.00094305, 0.0012655, 0.0015835, 0.0019075, 0.002234, 0.0025485, 0, 7.4795E-06, 1.633E-05, 2.5655E-05, 3.5045E-05, 4.336E-05, 5.176E-05, 6.1495E-05, 6.913E-05, 0, 2.966E-06, 5.718E-06, 8.425501E-06, 1.1895E-05, 1.4655E-05, 1.7045E-05, 2.0035E-05, 2.361E-05, 
632, 0, 0.0001388, 0.00028345, 0.00042855, 0.0005751, 0.0007202, 0.0008677, 0.0010175, 0.001158, 0, 5.563E-06, 1.1685E-05, 1.8645E-05, 2.5675E-05, 3.176E-05, 3.7415E-05, 4.493E-05, 5.0325E-05, 0, 1.3505E-06, 2.9515E-06, 4.2065E-06, 5.605E-06, 7.289E-06, 8.5165E-06, 9.810999E-06, 1.1815E-05, 
636, 0, 4.4025E-05, 9.0235E-05, 0.00013635, 0.00018275, 0.0002296, 0.00027645, 0.0003248, 0.00036775, 0, 3.913E-06, 8.8705E-06, 1.4045E-05, 1.889E-05, 2.387E-05, 2.7985E-05, 3.2515E-05, 3.6815E-05, 0, 3.5115E-07, 1.3535E-06, 1.9185E-06, 2.3965E-06, 2.742E-06, 3.2205E-06, 4.0045E-06, 4.7955E-06, 
640, 0, 1.433E-05, 2.8935E-05, 4.4005E-05, 5.9335E-05, 7.441E-05, 8.9285E-05, 0.0001051, 0.00011885, 0, 2.771E-06, 7.1915E-06, 1.092E-05, 1.4915E-05, 1.927E-05, 2.254E-05, 2.601E-05, 2.892E-05, 0, 6.2835E-08, 9.02E-07, 7.179E-07, 1.8635E-06, 1.7115E-06, 1.5308E-06, 2.3155E-06, 2.212E-06, 
644, 0, 7.6005E-06, 1.552E-05, 2.3625E-05, 3.1925E-05, 3.911E-05, 4.8805E-05, 5.4E-05, 6.369E-05, 0, 2.3475E-06, 5.5375E-06, 8.904E-06, 1.234E-05, 1.541E-05, 1.804E-05, 2.116E-05, 2.2675E-05, 0, 9.5495E-08, 7.758E-07, 2.374E-07, 9.144E-07, 8.8705E-07, 6.4935E-07, 2.0485E-06, 1.28885E-06, 
648, 0, 6.4695E-06, 1.3075E-05, 1.99E-05, 2.6325E-05, 3.4235E-05, 3.983E-05, 4.5135E-05, 5.3585E-05, 0, 2.0745E-06, 4.772E-06, 7.5905E-06, 1.057E-05, 1.242E-05, 1.4685E-05, 1.7985E-05, 1.898E-05, 0, 4.27E-07, 5.8695E-07, 2.32705E-07, 5.614E-07, 1.1235E-06, 1.01325E-06, 1.886E-06, 1.786E-06, 
652, 0, 6.181E-06, 1.2765E-05, 1.9585E-05, 2.5645E-05, 3.25E-05, 3.776E-05, 4.457E-05, 5.152E-05, 0, 1.741E-06, 3.6915E-06, 6.2625E-06, 8.8895E-06, 1.0565E-05, 1.2295E-05, 1.5E-05, 1.587E-05, 0, 5.705E-07, 4.5905E-07, 3.0275E-07, 7.529E-07, 9.5255E-07, 9.36E-07, 1.26E-06, 1.652E-06, 
656, 0, 6.084E-06, 1.237E-05, 1.8415E-05, 2.4295E-05, 3.06E-05, 3.6845E-05, 4.298E-05, 5.113E-05, 0, 1.4035E-06, 2.784E-06, 5.113E-06, 7.4865E-06, 9.0105E-06, 1.028E-05, 1.2465E-05, 1.3945E-05, 0, 4.347E-07, 5.7E-07, 4.984E-07, 6.7765E-07, 1.26625E-06, 4.6075E-07, 7.123E-07, 5.9025E-07, 
660, 0, 5.602E-06, 1.1365E-05, 1.625E-05, 2.1655E-05, 2.7535E-05, 3.238E-05, 3.887E-05, 4.617E-05, 0, 9.4325E-07, 2.2675E-06, 4.701E-06, 6.0185E-06, 6.827E-06, 9.1395E-06, 1.0435E-05, 1.1655E-05, 0, 3.643E-07, 3.876E-07, 4.6495E-07, 1.175E-06, 1.0332E-06, 7.0695E-07, 5.553E-07, 8.4095E-07, 
664, 0, 5.027E-06, 9.9885E-06, 1.5235E-05, 2.1055E-05, 2.3975E-05, 2.868E-05, 3.7795E-05, 4.0975E-05, 0, 9.824E-07, 2.084E-06, 3.7805E-06, 4.668E-06, 6.1255E-06, 6.9255E-06, 9.253E-06, 1.03275E-05, 0, 3.07645E-07, 3.5765E-07, 3.2215E-07, 5.7225E-07, 1.22895E-06, 7.199E-07, 1.196E-06, 1.05405E-06, 
668, 0, 5.2275E-06, 1.0665E-05, 1.7225E-05, 2.2545E-05, 2.7235E-05, 3.272E-05, 3.9755E-05, 4.3675E-05, 0, 6.5895E-07, 2.438E-06, 3.396E-06, 4.4435E-06, 5.331E-06, 6.4405E-06, 7.3805E-06, 8.995E-06, 0, 3.29125E-07, 3.7815E-07, 6.74615E-07, 4.137E-07, 1.2839E-06, 1.0463E-06, 1.937E-06, 1.71485E-06, 
672, 0, 5.955E-06, 1.0995E-05, 1.756E-05, 2.2725E-05, 2.947E-05, 3.5475E-05, 4.322E-05, 4.4645E-05, 0, 6.75135E-07, 2.1985E-06, 2.9575E-06, 4.207E-06, 4.9675E-06, 5.3775E-06, 6.754E-06, 6.95E-06, 0, 6.12135E-07, 4.038E-07, 8.04115E-07, 5.987E-07, 1.636E-06, 1.674E-06, 1.596E-06, 1.42115E-06, 
676, 0, 5.409E-06, 1.0119E-05, 1.5785E-05, 2.2715E-05, 2.8485E-05, 3.4505E-05, 3.987E-05, 4.1115E-05, 0, 4.1914E-07, 1.48145E-06, 2.5065E-06, 4.2355E-06, 5.2495E-06, 5.1485E-06, 6.147E-06, 5.344E-06, 0, 3.50545E-07, 1.51585E-07, 8.109E-07, 4.1867E-07, 1.11545E-06, 1.8845E-06, 1.5895E-06, 1.25675E-06, 
680, 0, 8.708001E-06, 1.8335E-05, 2.493E-05, 3.5505E-05, 4.556E-05, 5.225E-05, 6.386E-05, 7.1455E-05, 0, 8.2915E-07, 1.5021E-06, 2.189E-06, 3.61E-06, 5.058E-06, 5.181E-06, 5.802E-06, 6.889E-06, 0, 3.8783E-07, 3.217E-07, 6.32E-07, 2.231E-07, 1.2905E-06, 1.7615E-06, 1.4915E-06, 1.7884E-06, 
684, 0, 1.53E-05, 3.148E-05, 4.8015E-05, 6.341E-05, 8.086E-05, 9.567E-05, 0.00011445, 0.000128, 0, 1.0253E-06, 1.7225E-06, 2.5825E-06, 3.122E-06, 4.205E-06, 4.0815E-06, 5.372E-06, 5.2525E-06, 0, 2.103E-07, 8.283E-07, 4.4465E-07, 5.5905E-07, 1.1361E-06, 1.05365E-06, 1.72065E-06, 2.7895E-06, 
688, 0, 1.6255E-05, 3.38E-05, 5.1505E-05, 6.785E-05, 8.644E-05, 0.00010225, 0.00012385, 0.00013925, 0, 1.2735E-06, 2.014E-06, 2.2425E-06, 2.8495E-06, 3.9455E-06, 3.4655E-06, 5.415E-06, 4.072E-06, 0, 2.166E-07, 1.0493E-06, 2.9215E-07, 1.4505E-06, 1.717E-06, 5.948E-07, 2.2135E-06, 2.851E-06, 
692, 0, 1.572E-05, 3.2805E-05, 4.9995E-05, 6.8675E-05, 8.3615E-05, 0.000100935, 0.00011665, 0.00013425, 0, 3.6815E-07, 1.4465E-06, 1.00395E-06, 2.2075E-06, 3.2575E-06, 3.4505E-06, 5.6655E-06, 3.9245E-06, 0, 5.5995E-07, 1.359E-06, 4.4995E-07, 1.887E-06, 1.551E-06, 1.1711E-06, 1.4363E-06, 2.0905E-06, 
696, 0, 3.6355E-05, 7.472E-05, 0.0001136, 0.00015455, 0.00018855, 0.00022845, 0.00026525, 0.0003055, 0, 2.8705E-07, 1.284E-06, 2.6215E-06, 2.704E-06, 3.293E-06, 4.0985E-06, 4.756E-06, 5.5815E-06, 0, 4.6835E-07, 7.9625E-07, 9.2425E-07, 1.866E-06, 2.8005E-06, 2.8385E-06, 2.8435E-06, 5.389E-06, 
700, 0, 0.0001228, 0.00024975, 0.00037985, 0.00051215, 0.0006382, 0.00077015, 0.00090325, 0.0010275, 0, 1.323E-06, 2.765E-06, 5.1135E-06, 5.703E-06, 6.4465E-06, 8.748E-06, 8.43E-06, 1.174E-05, 0, 7.259E-07, 1.9055E-06, 3.1105E-06, 4.256E-06, 7.168E-06, 7.4135E-06, 9.2695E-06, 1.144E-05, 
704, 0, 0.0002186, 0.0004435, 0.00067295, 0.00090525, 0.001128, 0.0013615, 0.001599, 0.0018195, 0, 1.6995E-06, 4.4225E-06, 7.336E-06, 9.185E-06, 1.00845E-05, 1.4045E-05, 1.557E-05, 1.563E-05, 0, 1.82E-06, 3.91E-06, 5.6915E-06, 8.333E-06, 1.164E-05, 1.262E-05, 1.533E-05, 1.6865E-05, 
708, 0, 0.0001879, 0.00037995, 0.00057675, 0.000778, 0.00096725, 0.0011705, 0.001376, 0.001561, 0, 1.8205E-06, 4.033E-06, 6.0255E-06, 7.405E-06, 8.953E-06, 1.187E-05, 1.499E-05, 1.319E-05, 0, 1.6515E-06, 3.818E-06, 5.07E-06, 7.919E-06, 9.9985E-06, 1.0086E-05, 1.403E-05, 1.2605E-05, 
712, 0, 7.0195E-05, 0.0001415, 0.000214, 0.0002877, 0.0003615, 0.0004349, 0.000512, 0.0005822, 0, 7.5145E-07, 1.5625E-06, 3.113E-06, 2.7535E-06, 3.5645E-06, 5.098E-06, 6.3395E-06, 6.237E-06, 0, 8.9305E-07, 1.761E-06, 1.30045E-06, 3.5145E-06, 3.4555E-06, 3.36E-06, 6.0075E-06, 5.715E-06, 
716, 0, 1.8175E-05, 3.676E-05, 5.531E-05, 7.2275E-05, 9.0885E-05, 0.0001115, 0.0001283, 0.00014695, 0, 6.425E-07, 4.9035E-07, 1.3815E-06, 8.4355E-07, 2.318E-06, 1.961E-06, 1.736E-06, 2.955E-06, 0, 7.937E-07, 1.0695E-06, 7.3075E-07, 1.6175E-06, 9.02E-07, 7.108E-07, 3.181E-06, 2.9725E-06, 
720, 0, 6.658E-06, 1.351E-05, 1.9695E-05, 2.42E-05, 3.092E-05, 4.239E-05, 4.44E-05, 5.0545E-05, 0, 1.4385E-07, 7.688E-07, 1.217E-06, 8.1075E-07, 1.54E-06, 1.6105E-06, 1.08915E-06, 2.615E-06, 0, 3.7905E-07, 4.33E-07, 5.608E-07, 7.903E-07, 2.617E-07, 8.6865E-07, 1.4991E-06, 2.3145E-06, 
724, 0, 5.1395E-06, 9.876499E-06, 1.5815E-05, 2.057E-05, 2.1915E-05, 3.365E-05, 3.683E-05, 3.8915E-05, 0, 4.1395E-07, 4.876E-07, 7.413E-07, 1.798E-06, 1.637E-06, 2.547E-06, 6.956E-07, 1.80695E-06, 0, 1.4285E-07, 9.8275E-07, 3.862E-07, 8.465E-07, 8.483E-07, 1.0584E-06, 3.393E-07, 1.44305E-06, 
728, 0, 3.8025E-06, 7.211E-06, 1.243E-05, 1.661E-05, 1.824E-05, 2.1305E-05, 3.092E-05, 3.198E-05, 0, 1.295E-07, 6.850501E-07, 9.539999E-07, 1.7141E-06, 1.683E-06, 1.28055E-06, 8.9895E-07, 6.611E-07, 0, 2.351E-07, 5.7965E-07, 3.8565E-07, 8.672E-07, 1.0263E-06, 1.4815E-06, 6.6535E-07, 9.887E-07, 
732, 0, 1.6365E-06, 5.4665E-06, 9.8295E-06, 1.605E-05, 1.6065E-05, 1.594E-05, 1.8795E-05, 2.437E-05, 0, 1.402E-07, 9.235E-07, 8.5915E-07, 1.8484E-06, 1.19325E-06, 1.0446E-06, 2.2715E-06, 7.009E-07, 0, 3.036E-07, 2.6275E-07, 2.361E-07, 6.212E-07, 2.5165E-07, 1.3165E-06, 8.6665E-07, 1.9895E-06, 
736, 0, 2.738E-06, 5.0665E-06, 8.958999E-06, 1.451E-05, 1.1082E-05, 1.4275E-05, 1.3555E-05, 1.912E-05, 0, 1.515E-07, 1.392E-06, 1.2377E-06, 1.01115E-06, 6.5395E-07, 5.573E-07, 2.3267E-06, 7.8795E-07, 0, 1.515E-07, 2.4635E-07, 1.05785E-06, 1.49455E-06, 1.39625E-06, 2.652E-07, 1.17615E-06, 2.42355E-06, 
740, 0, 1.7745E-06, 3.5685E-06, 6.7125E-06, 1.5015E-05, 1.164E-05, 1.5615E-05, 1.4665E-05, 1.406E-05, 0, 1.641E-07, 1.15925E-06, 3.925E-07, 1.09915E-06, 1.00805E-06, 1.4065E-06, 6.309E-07, 1.88515E-06, 0, 1.8225E-07, 7.535E-07, 1.27335E-06, 1.8798E-06, 1.6065E-06, 1.05285E-06, 1.8962E-06, 2.47965E-06, 
744, 0, 2.7525E-06, 3.059E-06, 7.111E-06, 1.0928E-05, 8.261E-06, 1.7485E-05, 2.027E-05, 1.698E-05, 0, 3.1395E-07, 2.2315E-07, 9.7295E-07, 1.23355E-06, 2.598E-07, 2.5335E-06, 3.58E-07, 1.0212E-06, 0, 5.0845E-07, 1.15325E-06, 1.69265E-06, 2.145E-07, 1.96245E-06, 1.81895E-06, 3.61E-07, 3.311E-06, 
748, 0, 2.509E-06, 4.0115E-06, 6.6675E-06, 9.318E-06, 1.0278E-05, 1.5605E-05, 1.568E-05, 1.842E-05, 0, 1.10785E-06, 4.6565E-07, 2.04395E-06, 6.1205E-07, 7.239E-07, 1.62265E-06, 6.4665E-07, 9.4535E-07, 0, 2.328E-07, 1.0316E-06, 1.13915E-06, 2.808E-07, 1.9805E-06, 1.25965E-06, 8.312E-07, 1.3337E-06, 
752, 0, 2.633E-06, 3.652E-06, 4.6355E-06, 7.74E-06, 1.0655E-05, 1.033E-05, 9.385E-06, 1.3515E-05, 0, 9.184E-07, 1.211E-06, 3.3535E-06, 9.531E-07, 1.215E-06, 1.4321E-06, 2.9235E-06, 8.2965E-07, 0, 4.3565E-07, 5.188E-07, 7.899E-07, 5.264E-07, 1.7587E-06, 4.12E-06, 2.662E-06, 3.585E-06, 
756, 0, 2.4075E-06, 2.7465E-06, 4.803E-06, 8.555E-06, 1.01875E-05, 8.6445E-06, 1.246E-05, 9.781E-06, 0, 2.561E-07, 5.6875E-07, 3.9155E-06, 2.2265E-06, 6.4665E-07, 1.7524E-06, 2.0435E-06, 1.8515E-06, 0, 7.498E-07, 1.0392E-06, 3.9305E-07, 1.6617E-06, 1.7085E-06, 3.6155E-06, 2.7855E-06, 2.873E-06, 
760, 0, 1.3625E-06, 2.2155E-06, 4.3275E-06, 1.0756E-05, 4.7085E-06, 1.183E-05, 1.4515E-05, 1.3565E-05, 0, 5.168E-07, 5.2825E-07, 2.8095E-06, 1.9816E-06, 1.68195E-06, 1.8781E-06, 1.981E-06, 3.016E-06, 0, 1.363E-06, 9.019E-07, 8.7125E-07, 1.3695E-06, 2.85835E-06, 2.468E-06, 4.25E-06, 6.453E-06, 
764, 0, 1.20245E-06, 4.077E-06, 4.1185E-06, 1.489E-05, 5.825E-06, 9.25E-06, 1.58555E-05, 2.3855E-05, 0, 6.7275E-07, 3.0185E-07, 2.633E-06, 2.679E-06, 1.96285E-06, 3.827E-06, 3.8475E-06, 3.222E-06, 0, 2.375E-07, 1.356E-06, 2.4115E-06, 5.2025E-07, 2.3215E-06, 4.4595E-06, 5.9555E-06, 6.0005E-06, 
768, 0, 1.08605E-06, 3.5435E-06, 4.4205E-06, 1.1255E-05, 6.28E-06, 5.094E-06, 1.4475E-05, 2.0585E-05, 0, 2.512E-07, 2.814E-07, 7.7065E-07, 3.325E-06, 1.139E-06, 4.127E-06, 4.2015E-06, 4.1515E-06, 0, 1.20485E-06, 1.53285E-06, 3.105E-06, 1.3335E-06, 2.518E-06, 3.779E-06, 7.4655E-06, 1.553E-06, 
772, 0, 3.8825E-07, 2.78E-06, 8.5635E-06, 1.133E-05, 9.728E-06, 4.5055E-06, 1.067E-05, 1.5555E-05, 0, 2.698E-07, 1.2733E-06, 5.106E-07, 3.396E-06, 6.036E-07, 2.4717E-06, 1.626E-06, 1.57745E-06, 0, 1.96125E-06, 5.6295E-07, 1.8447E-06, 5.0975E-06, 2.565E-06, 1.753E-06, 4.8475E-06, 6.88E-06, 
776, 0, 6.8955E-07, 3.093E-06, 6.6805E-06, 6.341E-06, 7.839E-06, 2.3465E-06, 3.6345E-06, 4.8695E-06, 0, 4.728E-07, 1.5615E-06, 2.3098E-06, 2.8466E-06, 1.4048E-06, 1.38685E-06, 4.9745E-06, 2.6235E-06, 0, 2.1925E-06, 2.169E-06, 2.187E-06, 5.832E-06, 4.11255E-06, 4.24E-06, 8.5705E-06, 1.0035E-05, 
780, 0, 3.7095E-07, 3.5075E-06, 3.221E-06, 7.80095E-06, 1.756E-06, 7.526E-06, 3.8895E-06, 2.268E-06, 0, 1.28845E-06, 1.2136E-06, 3.881E-06, 1.3185E-06, 7.9305E-07, 5.454E-07, 4.977E-06, 3.04745E-06, 0, 2.5275E-06, 2.986E-06, 2.13235E-06, 6.2715E-06, 6.7205E-06, 6.643E-06, 1.0466E-05, 1.43E-05, 
